# Matter power spectrum P(k) at redshift z=0
# for k=1.04291e-05 to 1.05913 h/Mpc,
# number of wavenumbers equal to 598
#    1:k (h/Mpc)              2:P (Mpc/h)^3        
       1.042905184379e-05       4.837336798076e+01 
       2.351203255962e-05       1.060867286034e+02 
       3.664196468347e-05       1.628543265513e+02 
       4.985529344040e-05       2.192700182956e+02 
       6.318908112494e-05       2.756761830558e+02 
       7.668134798096e-05       3.323327829220e+02 
       9.037142424694e-05       3.894645398652e+02 
       1.043003181872e-04       4.472802807260e+02 
       1.185111049657e-04       5.059829533580e+02 
       1.330493412535e-04       5.657757160790e+02 
       1.479635104608e-04       6.268663068477e+02 
       1.633055034054e-04       6.894704104003e+02 
       1.791311390026e-04       7.538146445863e+02 
       1.955007291077e-04       8.201393199741e+02 
       2.124796908320e-04       8.887010762410e+02 
       2.301392083444e-04       9.597755457555e+02 
       2.485569441369e-04       1.033660018841e+03 
       2.678177967313e-04       1.110676149615e+03 
       2.880146974832e-04       1.191172613249e+03 
       3.092494331246e-04       1.275527825940e+03 
       3.316334725058e-04       1.364152365680e+03 
       3.552887652049e-04       1.457491199265e+03 
       3.803484658345e-04       1.556025389344e+03 
       4.069575207847e-04       1.660273144712e+03 
       4.352730339445e-04       1.770789340070e+03 
       4.654643055293e-04       1.888164495556e+03 
       4.977124154658e-04       2.013020724636e+03 
       5.322092033840e-04       2.146005408706e+03 
       5.691554866115e-04       2.287782697810e+03 
       6.087583631722e-04       2.439020079003e+03 
       6.512274776667e-04       2.600371963805e+03 
       6.967701929194e-04       2.772459359609e+03 
       7.455857151510e-04       2.955845473086e+03 
       7.978583635834e-04       3.151009615915e+03 
       8.537503434826e-04       3.358319748773e+03 
       9.133945472188e-04       3.578006204047e+03 
       9.768880315083e-04       3.810140330833e+03 
       1.044286857968e-03       4.054618345884e+03 
       1.115602907127e-03       4.311154967495e+03 
       1.190803078250e-03       4.579286675714e+03 
       1.269810998733e-03       4.858385631902e+03 
       1.352511047063e-03       5.147673596825e+03 
       1.438754213662e-03       5.446241194898e+03 
       1.528365142912e-03       5.753155648804e+03 
       1.621149644828e-03       6.067404990740e+03 
       1.716902027765e-03       6.387961200493e+03 
       1.815411748651e-03       6.713805869977e+03 
       1.916469058534e-03       7.043951539578e+03 
       2.019869497392e-03       7.377459155185e+03 
       2.125417235865e-03       7.713450304621e+03 
       2.232927361294e-03       8.051112206365e+03 
       2.342227261871e-03       8.389702356299e+03 
       2.453157283918e-03       8.728549274810e+03 
       2.565570833916e-03       9.067049222456e+03 
       2.679334078781e-03       9.404662693353e+03 
       2.794325373080e-03       9.740912986093e+03 
       2.910434515610e-03       1.007537818107e+04 
       3.027561913367e-03       1.040768742657e+04 
       3.145617709931e-03       1.073751637572e+04 
       3.264520918188e-03       1.106458287403e+04 
       3.384198583975e-03       1.138864107870e+04 
       3.504584997146e-03       1.170947825752e+04 
       3.625620959287e-03       1.202691193911e+04 
       3.747253112056e-03       1.234078602422e+04 
       3.869433326666e-03       1.265096624078e+04 
       3.992118152672e-03       1.295734211224e+04 
       4.115268322837e-03       1.325981666772e+04 
       4.238848310049e-03       1.355831589393e+04 
       4.362825931917e-03       1.385277247074e+04 
       4.487171998612e-03       1.414313759921e+04 
       4.611859999618e-03       1.442937201697e+04 
       4.736865825344e-03       1.471142995768e+04 
       4.862167519780e-03       1.498928622554e+04 
       4.987745060759e-03       1.526298302817e+04 
       5.113580164700e-03       1.553245555950e+04 
       5.239656113003e-03       1.579767987787e+04 
       5.365957597623e-03       1.605880888864e+04 
       5.492470583562e-03       1.631573875852e+04 
       5.619182186345e-03       1.656846177034e+04 
       5.746080562714e-03       1.681627512741e+04 
       5.873154813014e-03       1.706068892007e+04 
       6.000394893928e-03       1.730095002330e+04 
       6.127791540360e-03       1.753708506142e+04 
       6.255336195427e-03       1.776926339295e+04 
       6.383020947644e-03       1.799746707914e+04 
       6.510838474475e-03       1.822179935638e+04 
       6.638781991567e-03       1.844168251808e+04 
       6.766845207011e-03       1.865762026147e+04 
       6.895022280094e-03       1.886980286645e+04 
       7.023307784052e-03       1.907807200045e+04 
       7.151696672388e-03       1.928246620454e+04 
       7.280184248386e-03       1.948290590883e+04 
       7.408766137472e-03       1.967950836142e+04 
       7.537438262134e-03       1.987256938483e+04 
       7.666196819136e-03       2.006230373055e+04 
       7.795038258787e-03       2.024787982319e+04 
       7.923959266061e-03       2.042976396117e+04 
       8.052956743391e-03       2.060804253494e+04 
       8.182027794951e-03       2.078278266798e+04 
       8.311169712306e-03       2.095395451243e+04 
       8.440379961282e-03       2.112161325751e+04 
       8.569656169937e-03       2.128578023153e+04 
       8.698996117549e-03       2.144653811130e+04 
       8.828397724497e-03       2.160389469781e+04 
       8.957859042985e-03       2.175780561205e+04 
       9.087378248499e-03       2.190843004698e+04 
       9.216953631963e-03       2.205576164351e+04 
       9.346583592501e-03       2.219981946803e+04 
       9.476266630781e-03       2.234065190686e+04 
       9.606001342865e-03       2.247775643949e+04 
       9.735786414535e-03       2.261275520832e+04 
       9.865620616057e-03       2.274407362562e+04 
       9.995502797336e-03       2.287237379454e+04 
       1.012543188343e-02       2.299747546466e+04 
       1.025540687041e-02       2.311892430142e+04 
       1.038542682152e-02       2.323879889345e+04 
       1.051549086359e-02       2.335494997514e+04 
       1.064559818379e-02       2.346812186692e+04 
       1.077574802650e-02       2.357849310344e+04 
       1.090593969053e-02       2.368586075816e+04 
       1.103617252642e-02       2.379044099977e+04 
       1.116644593406e-02       2.389222315640e+04 
       1.129675936034e-02       2.399119312545e+04 
       1.142711229709e-02       2.408745739587e+04 
       1.155750427908e-02       2.418094967792e+04 
       1.168793488218e-02       2.427176006227e+04 
       1.181840372170e-02       2.435989655562e+04 
       1.194891045079e-02       2.444543116058e+04 
       1.207945475894e-02       2.452833589576e+04 
       1.221003637066e-02       2.460860795679e+04 
       1.234065504416e-02       2.468648925925e+04 
       1.247131057020e-02       2.476160902870e+04 
       1.260200277101e-02       2.483435868542e+04 
       1.273273149921e-02       2.490464189892e+04 
       1.286349663692e-02       2.497251936574e+04 
       1.299429809485e-02       2.503795626446e+04 
       1.312513581153e-02       2.510095623764e+04 
       1.325600975250e-02       2.516174440956e+04 
       1.338691990965e-02       2.522008049099e+04 
       1.351786630058e-02       2.527612570059e+04 
       1.364884896800e-02       2.532978433137e+04 
       1.377986797920e-02       2.538134825623e+04 
       1.391092342553e-02       2.543053847721e+04 
       1.404201542197e-02       2.547759312300e+04 
       1.417314410668e-02       2.552249165574e+04 
       1.430430964069e-02       2.556524336396e+04 
       1.443551220746e-02       2.560577531912e+04 
       1.456675201269e-02       2.564423204641e+04 
       1.469802928394e-02       2.568074429005e+04 
       1.482934427046e-02       2.571508274896e+04 
       1.496069724296e-02       2.574739785439e+04 
       1.509208849340e-02       2.577765570274e+04 
       1.522351833487e-02       2.580598333752e+04 
       1.535498710146e-02       2.583225217387e+04 
       1.548649514812e-02       2.585677623842e+04 
       1.561804285062e-02       2.587919262563e+04 
       1.574963060548e-02       2.589982836541e+04 
       1.588125882990e-02       2.591856275954e+04 
       1.601292796184e-02       2.593549488421e+04 
       1.614463845993e-02       2.595049283245e+04 
       1.627639080355e-02       2.596375510586e+04 
       1.640818549289e-02       2.597451970554e+04 
       1.654002304900e-02       2.598506724295e+04 
       1.667190401386e-02       2.599301560293e+04 
       1.680382895053e-02       2.599932231764e+04 
       1.693579844327e-02       2.600385690260e+04 
       1.706781309765e-02       2.600678418686e+04 
       1.719987354075e-02       2.600810893180e+04 
       1.733198042131e-02       2.600687027794e+04 
       1.746413440995e-02       2.600583548987e+04 
       1.759633619938e-02       2.600232928552e+04 
       1.772858650461e-02       2.599711988028e+04 
       1.786088606324e-02       2.598973171606e+04 
       1.799323563568e-02       2.598235542600e+04 
       1.812563600546e-02       2.597269597271e+04 
       1.825808797951e-02       2.596157097302e+04 
       1.839059238850e-02       2.594897747826e+04 
       1.852315008713e-02       2.593501241243e+04 
       1.865576195454e-02       2.591887976520e+04 
       1.878842889461e-02       2.590182988655e+04 
       1.892115183639e-02       2.588389341393e+04 
       1.905393173446e-02       2.586425369689e+04 
       1.918676956940e-02       2.584302382755e+04 
       1.931966634817e-02       2.582108052963e+04 
       1.945262310458e-02       2.579811928507e+04 
       1.958564089977e-02       2.577329270918e+04 
       1.971872082269e-02       2.574571855388e+04 
       1.985186399062e-02       2.571969878047e+04 
       1.998507154965e-02       2.569050092531e+04 
       2.011834467529e-02       2.566134965368e+04 
       2.025168457297e-02       2.563033815495e+04 
       2.038509247865e-02       2.559718576157e+04 
       2.051856965945e-02       2.556500352567e+04 
       2.065211741422e-02       2.553049272851e+04 
       2.078573707422e-02       2.549448031805e+04 
       2.091943000377e-02       2.545774172878e+04 
       2.105319760094e-02       2.541971528890e+04 
       2.118704129828e-02       2.538091030243e+04 
       2.132096256351e-02       2.534217416019e+04 
       2.145496290032e-02       2.530056031827e+04 
       2.158904384913e-02       2.525844567151e+04 
       2.172320698788e-02       2.521554341942e+04 
       2.185745393291e-02       2.517195928460e+04 
       2.199178633975e-02       2.512697891180e+04 
       2.212620590408e-02       2.508129508629e+04 
       2.226071436256e-02       2.503554535305e+04 
       2.239531349384e-02       2.498718928784e+04 
       2.253000511948e-02       2.493872162483e+04 
       2.266479110500e-02       2.488956260552e+04 
       2.279967336086e-02       2.483939601611e+04 
       2.293465384355e-02       2.478832090023e+04 
       2.306973455668e-02       2.473636785061e+04 
       2.320491755212e-02       2.468371127017e+04 
       2.334020493116e-02       2.463031971354e+04 
       2.347559884570e-02       2.457594573698e+04 
       2.361110149952e-02       2.452106532491e+04 
       2.374671514951e-02       2.446608460388e+04 
       2.388244210706e-02       2.440891350879e+04 
       2.401828473936e-02       2.435162895159e+04 
       2.415424547081e-02       2.429453703295e+04 
       2.429032678452e-02       2.423519963639e+04 
       2.442653122375e-02       2.417596922646e+04 
       2.456286139347e-02       2.411668467376e+04 
       2.469931996197e-02       2.405521810800e+04 
       2.483590966247e-02       2.399419623435e+04 
       2.497263329485e-02       2.393225834054e+04 
       2.510949372739e-02       2.386963419052e+04 
       2.524649389856e-02       2.380687517791e+04 
       2.538363681894e-02       2.374367640085e+04 
       2.552092557307e-02       2.367937096066e+04 
       2.565836332154e-02       2.361436298310e+04 
       2.579595330297e-02       2.354893559846e+04 
       2.593369883618e-02       2.348381337188e+04 
       2.607160332240e-02       2.341741866591e+04 
       2.620967024751e-02       2.335002806533e+04 
       2.634790318443e-02       2.328305935299e+04 
       2.648630579552e-02       2.321475939530e+04 
       2.662488183515e-02       2.314655470093e+04 
       2.676363515224e-02       2.307783714272e+04 
       2.690256969301e-02       2.300860553997e+04 
       2.704168950376e-02       2.293927478242e+04 
       2.718099873371e-02       2.286912690484e+04 
       2.732050163810e-02       2.279878281263e+04 
       2.746020258117e-02       2.272803661354e+04 
       2.760010603945e-02       2.265680916126e+04 
       2.774021660507e-02       2.258518701731e+04 
       2.788053898920e-02       2.251380942453e+04 
       2.802107802564e-02       2.244105079994e+04 
       2.816183867451e-02       2.236885386908e+04 
       2.830282602613e-02       2.229546755892e+04 
       2.844404530498e-02       2.222230411338e+04 
       2.858550187387e-02       2.214891644520e+04 
       2.872720123821e-02       2.207489685989e+04 
       2.886914905053e-02       2.200078567763e+04 
       2.901135111508e-02       2.192661374870e+04 
       2.915381339264e-02       2.185190419795e+04 
       2.929654200558e-02       2.177692548648e+04 
       2.943954324304e-02       2.170165259364e+04 
       2.958282356634e-02       2.162617055700e+04 
       2.972638961464e-02       2.155034972893e+04 
       2.987024821079e-02       2.147453708978e+04 
       3.001440636745e-02       2.139838144836e+04 
       3.015887129341e-02       2.132202425080e+04 
       3.030365040028e-02       2.124554396495e+04 
       3.044875130932e-02       2.116887012203e+04 
       3.059418185867e-02       2.109186229066e+04 
       3.073995011085e-02       2.101492569788e+04 
       3.088606436056e-02       2.093758197064e+04 
       3.103253314286e-02       2.086017745784e+04 
       3.117936524166e-02       2.078265411767e+04 
       3.132656969868e-02       2.070494682199e+04 
       3.147415582264e-02       2.062714902362e+04 
       3.162213319908e-02       2.054914447237e+04 
       3.177051170041e-02       2.047101636216e+04 
       3.191930149660e-02       2.039320365501e+04 
       3.206851306623e-02       2.031452839256e+04 
       3.221815720815e-02       2.023603632971e+04 
       3.236824505362e-02       2.015756060909e+04 
       3.251878807910e-02       2.007896877094e+04 
       3.266979811955e-02       2.000019388430e+04 
       3.282128738249e-02       1.992143678269e+04 
       3.297326846266e-02       1.984288093600e+04 
       3.312575435747e-02       1.976357330548e+04 
       3.327875848313e-02       1.968479342861e+04 
       3.343229469173e-02       1.960550821756e+04 
       3.358637728904e-02       1.952643569308e+04 
       3.374102105333e-02       1.944745882203e+04 
       3.389624125512e-02       1.936791969189e+04 
       3.405205367800e-02       1.928861345625e+04 
       3.420847464049e-02       1.920941612551e+04 
       3.436552101918e-02       1.912999529345e+04 
       3.452321027299e-02       1.905062046921e+04 
       3.468156046886e-02       1.897117928626e+04 
       3.484059030884e-02       1.889185420989e+04 
       3.500031915866e-02       1.881223586557e+04 
       3.516076707795e-02       1.873288388394e+04 
       3.532195485217e-02       1.865329820128e+04 
       3.548390402641e-02       1.857385537427e+04 
       3.564663694117e-02       1.849426943667e+04 
       3.581017677019e-02       1.841476794149e+04 
       3.597454756065e-02       1.833528314027e+04 
       3.613977427573e-02       1.825548969298e+04 
       3.630588283982e-02       1.817598833069e+04 
       3.647290018650e-02       1.809621333785e+04 
       3.664085430958e-02       1.801674522767e+04 
       3.680977431735e-02       1.793707945744e+04 
       3.697969049034e-02       1.785765906863e+04 
       3.715063434281e-02       1.777801858871e+04 
       3.732263868840e-02       1.769829956205e+04 
       3.749573771006e-02       1.761867444897e+04 
       3.766996703475e-02       1.753913019234e+04 
       3.784536381332e-02       1.745952145037e+04 
       3.802196680593e-02       1.737995895400e+04 
       3.819981647342e-02       1.730030956945e+04 
       3.837895507533e-02       1.722069055836e+04 
       3.855942677495e-02       1.714127850372e+04 
       3.874127775210e-02       1.706150508698e+04 
       3.892455632439e-02       1.698184921041e+04 
       3.910931307754e-02       1.690218133293e+04 
       3.929560100582e-02       1.682251492104e+04 
       3.948347566337e-02       1.674286624199e+04 
       3.967299532745e-02       1.666309272652e+04 
       3.986422117491e-02       1.658331549804e+04 
       4.005721747299e-02       1.650353645425e+04 
       4.025205178584e-02       1.642400792002e+04 
       4.044879519860e-02       1.634392693865e+04 
       4.064752256047e-02       1.626437460183e+04 
       4.084831274901e-02       1.618441017301e+04 
       4.105124895774e-02       1.610409769721e+04 
       4.125641900961e-02       1.602406745919e+04 
       4.146391569912e-02       1.594387335330e+04 
       4.167383716627e-02       1.586372538168e+04 
       4.188628730585e-02       1.578342271713e+04 
       4.210137621620e-02       1.570326095440e+04 
       4.231922069207e-02       1.562250580739e+04 
       4.253994476659e-02       1.554191511156e+04 
       4.276368030858e-02       1.546122818899e+04 
       4.299056768178e-02       1.538064303311e+04 
       4.322075647385e-02       1.529929646779e+04 
       4.345440630408e-02       1.521829235456e+04 
       4.369168772008e-02       1.513665004527e+04 
       4.393278319516e-02       1.505522591750e+04 
       4.417788824027e-02       1.497355864266e+04 
       4.442721264621e-02       1.489134746070e+04 
       4.468098187466e-02       1.480912355083e+04 
       4.493943861944e-02       1.472654513860e+04 
       4.520284456325e-02       1.464418998219e+04 
       4.547148235939e-02       1.456103083678e+04 
       4.574565787318e-02       1.447748968307e+04 
       4.602570272418e-02       1.439372500492e+04 
       4.631197717784e-02       1.430942060239e+04 
       4.660487344449e-02       1.422494777737e+04 
       4.690481945470e-02       1.413989457375e+04 
       4.721228319397e-02       1.405426910253e+04 
       4.752777769620e-02       1.396837747301e+04 
       4.785186681645e-02       1.388145176256e+04 
       4.818517192895e-02       1.379444636855e+04 
       4.852837972812e-02       1.370622961605e+04 
       4.888225135023e-02       1.361742157500e+04 
       4.924763308298e-02       1.352801476298e+04 
       4.962546899276e-02       1.343767911384e+04 
       5.001681587840e-02       1.334634486290e+04 
       5.042286106014e-02       1.325389978850e+04 
       5.084494363960e-02       1.316056506576e+04 
       5.128458002833e-02       1.306664664919e+04 
       5.174349474842e-02       1.296995344842e+04 
       5.222365777183e-02       1.287242873764e+04 
       5.272732999858e-02       1.277341842910e+04 
       5.325711889561e-02       1.267214953858e+04 
       5.381604684402e-02       1.256926429638e+04 
       5.440763538458e-02       1.246376947969e+04 
       5.503600930515e-02       1.235523305885e+04 
       5.570602533689e-02       1.224356032103e+04 
       5.642343098592e-02       1.212884400228e+04 
       5.719505941332e-02       1.200982024031e+04 
       5.802906561144e-02       1.188559671554e+04 
       5.893520604119e-02       1.175504800088e+04 
       5.992515575469e-02       1.161772397532e+04 
       6.101283904514e-02       1.147157011468e+04 
       6.221471389482e-02       1.131352982472e+04 
       6.354988576533e-02       1.114221154927e+04 
       6.503982273669e-02       1.095249132199e+04 
       6.670731093056e-02       1.073907628225e+04 
       6.857419858834e-02       1.049703066714e+04 
       7.065762567043e-02       1.021769263414e+04 
       7.296512124246e-02       9.896365134702e+03 
       7.549021966436e-02       9.526800676668e+03 
       7.821122293735e-02       9.110333246767e+03 
       8.109479595792e-02       8.653037763804e+03 
       8.410308186996e-02       8.169044862803e+03 
       8.720073988106e-02       7.674654003284e+03 
       9.035909855248e-02       7.189724476735e+03 
       9.355710659592e-02       6.730976509873e+03 
       9.678033118528e-02       6.312025728795e+03 
       1.000193159372e-01       5.941690205502e+03 
       1.032680430732e-01       5.623936749228e+03 
       1.065227526378e-01       5.358364381996e+03 
       1.097811218948e-01       5.140586435200e+03 
       1.130417258591e-01       4.963637672068e+03 
       1.163036939243e-01       4.818493432286e+03 
       1.195664954523e-01       4.695409895971e+03 
       1.228298074158e-01       4.584389453535e+03 
       1.260934332556e-01       4.476540226465e+03 
       1.293572533404e-01       4.363619157916e+03 
       1.326211947971e-01       4.240888876924e+03 
       1.358852131642e-01       4.105235494166e+03 
       1.391492812451e-01       3.956595521765e+03 
       1.424133823380e-01       3.796738243475e+03 
       1.456775061262e-01       3.629469461222e+03 
       1.489416461816e-01       3.460112870347e+03 
       1.522057984494e-01       3.293408334729e+03 
       1.554699603265e-01       3.134555439934e+03 
       1.587341301024e-01       2.987535244772e+03 
       1.619983066178e-01       2.855322851077e+03 
       1.652624890576e-01       2.739471866535e+03 
       1.685266768232e-01       2.640322601665e+03 
       1.717908694555e-01       2.556852446262e+03 
       1.750550665870e-01       2.487017534018e+03 
       1.783192679118e-01       2.428374943121e+03 
       1.815834731673e-01       2.377662823280e+03 
       1.848476821226e-01       2.331830083243e+03 
       1.881118945708e-01       2.288207067053e+03 
       1.913761103238e-01       2.244407510056e+03 
       1.946403292093e-01       2.197703852693e+03 
       1.979045510681e-01       2.146520129661e+03 
       2.011687757527e-01       2.090573552514e+03 
       2.044330031255e-01       2.029912792528e+03 
       2.076972330582e-01       1.965578886445e+03 
       2.109614654307e-01       1.899117390063e+03 
       2.142257001302e-01       1.832216595943e+03 
       2.174899370512e-01       1.766858074098e+03 
       2.207541760943e-01       1.704346148163e+03 
       2.240184171659e-01       1.646107831092e+03 
       2.272826601781e-01       1.592811102678e+03 
       2.305469050478e-01       1.544822409464e+03 
       2.338111516966e-01       1.502334186520e+03 
       2.370754000506e-01       1.465018554460e+03 
       2.403396500398e-01       1.432262089614e+03 
       2.436039015980e-01       1.403342548954e+03 
       2.468681546626e-01       1.377189060877e+03 
       2.501324091743e-01       1.352737499733e+03 
       2.533966650767e-01       1.329055601858e+03 
       2.566609223164e-01       1.305273268608e+03 
       2.599251808428e-01       1.280748550833e+03 
       2.631894406077e-01       1.254959356320e+03 
       2.664537015652e-01       1.227811480554e+03 
       2.697179636719e-01       1.199463308019e+03 
       2.729822268862e-01       1.170007530460e+03 
       2.762464911687e-01       1.140042810413e+03 
       2.795107564817e-01       1.109886627416e+03 
       2.827750227893e-01       1.080119242526e+03 
       2.860392900574e-01       1.051301364058e+03 
       2.893035582531e-01       1.023865190563e+03 
       2.925678273452e-01       9.981601989644e+02 
       2.958320973040e-01       9.744277002288e+02 
       2.990963681009e-01       9.526831592839e+02 
       3.023606397086e-01       9.328399413531e+02 
       3.056249121010e-01       9.146710480515e+02 
       3.088891852531e-01       8.979222970633e+02 
       3.121534591409e-01       8.822362309216e+02 
       3.154177337415e-01       8.672890485206e+02 
       3.186820090329e-01       8.528036300990e+02 
       3.219462849938e-01       8.385188484093e+02 
       3.252105616042e-01       8.241096025540e+02 
       3.284748388445e-01       8.094950574855e+02 
       3.317391166959e-01       7.945666262762e+02 
       3.350033951407e-01       7.793236426968e+02 
       3.382676741615e-01       7.638350654970e+02 
       3.415319537417e-01       7.482658358597e+02 
       3.447962338654e-01       7.326645539585e+02 
       3.480605145172e-01       7.173360694656e+02 
       3.513247956823e-01       7.023916935883e+02 
       3.545890773464e-01       6.879868631870e+02 
       3.578533594959e-01       6.741543897489e+02 
       3.611176421176e-01       6.610328811146e+02 
       3.643819251986e-01       6.486219830422e+02 
       3.676462087267e-01       6.368962211347e+02 
       3.709104926901e-01       6.258315755416e+02 
       3.741747770772e-01       6.153739083591e+02 
       3.774390618771e-01       6.054410264066e+02 
       3.807033470791e-01       5.958518159488e+02 
       3.839676326729e-01       5.865136921689e+02 
       3.872319186486e-01       5.773705736508e+02 
       3.904962049964e-01       5.682644666141e+02 
       3.937604917072e-01       5.592287560823e+02 
       3.970247787720e-01       5.501726995546e+02 
       4.002890661820e-01       5.411126384834e+02 
       4.035533539288e-01       5.320682003766e+02 
       4.068176420043e-01       5.230618047562e+02 
       4.100819304007e-01       5.141052236087e+02 
       4.133462191102e-01       5.052899657353e+02 
       4.166105081255e-01       4.966388766734e+02 
       4.198747974395e-01       4.881953017861e+02 
       4.231390870452e-01       4.800107169939e+02 
       4.264033769358e-01       4.721309812093e+02 
       4.296676671049e-01       4.644940622585e+02 
       4.329319575461e-01       4.571661825236e+02 
       4.361962482533e-01       4.501052573755e+02 
       4.394605392206e-01       4.432871822831e+02 
       4.427248304421e-01       4.366846376587e+02 
       4.459891219123e-01       4.302840725080e+02 
       4.492534136258e-01       4.240527619852e+02 
       4.525177055772e-01       4.179517290280e+02 
       4.557819977614e-01       4.119633084129e+02 
       4.590462901735e-01       4.060454975470e+02 
       4.623105828085e-01       4.002121681159e+02 
       4.655748756618e-01       3.944334278966e+02 
       4.688391687289e-01       3.887055697775e+02 
       4.721034620052e-01       3.830337266954e+02 
       4.753677554864e-01       3.774285808314e+02 
       4.786320491684e-01       3.719025997548e+02 
       4.818963430470e-01       3.664672081517e+02 
       4.851606371183e-01       3.611336050284e+02 
       4.884249313783e-01       3.559023623440e+02 
       4.916892258233e-01       3.507903669559e+02 
       4.949535204497e-01       3.458014219072e+02 
       4.982178152538e-01       3.409421025782e+02 
       5.014821102322e-01       3.362158837031e+02 
       5.047464053815e-01       3.316220838697e+02 
       5.080107006984e-01       3.271534749234e+02 
       5.112749961796e-01       3.227979388099e+02 
       5.145392918221e-01       3.185406179692e+02 
       5.178035876227e-01       3.143675828038e+02 
       5.210678835785e-01       3.102672078322e+02 
       5.243321796865e-01       3.062466131968e+02 
       5.275964759440e-01       3.022710253183e+02 
       5.308607723482e-01       2.983419877887e+02 
       5.341250688963e-01       2.944764921693e+02 
       5.373893655858e-01       2.906599098051e+02 
       5.406536624141e-01       2.868925103961e+02 
       5.439179593786e-01       2.831731030693e+02 
       5.471822564770e-01       2.795172471860e+02 
       5.504465537067e-01       2.759120546771e+02 
       5.537108510656e-01       2.723716494133e+02 
       5.569751485514e-01       2.688889262368e+02 
       5.602394461617e-01       2.654923436671e+02 
       5.635037438944e-01       2.621663422228e+02 
       5.667680417475e-01       2.589085754980e+02 
       5.700323397188e-01       2.557153754113e+02 
       5.732966378063e-01       2.525846158532e+02 
       5.765609360081e-01       2.495134943923e+02 
       5.798252343221e-01       2.465017580075e+02 
       5.830895327466e-01       2.435465706817e+02 
       5.863538312796e-01       2.406443089181e+02 
       5.896181299194e-01       2.377902670581e+02 
       5.928824286641e-01       2.349794539761e+02 
       5.961467275121e-01       2.322196309817e+02 
       5.994110264617e-01       2.294864344298e+02 
       6.026753255112e-01       2.267918476768e+02 
       6.059396246589e-01       2.241374655367e+02 
       6.092039239034e-01       2.215238143930e+02 
       6.124682232430e-01       2.189513421292e+02 
       6.157325226762e-01       2.164186726112e+02 
       6.189968222016e-01       2.139138365022e+02 
       6.222611218177e-01       2.114574752587e+02 
       6.255254215231e-01       2.090389665960e+02 
       6.287897213164e-01       2.066600108017e+02 
       6.320540211961e-01       2.043222711896e+02 
       6.353183211611e-01       2.020258107687e+02 
       6.385826212099e-01       1.997708148407e+02 
       6.418469213413e-01       1.975545146593e+02 
       6.451112215540e-01       1.953744618927e+02 
       6.483755218468e-01       1.932282184487e+02 
       6.516398222185e-01       1.911142745066e+02 
       6.549041226679e-01       1.890323147842e+02 
       6.581684231939e-01       1.869823242722e+02 
       6.614327237952e-01       1.849641428621e+02 
       6.646970244709e-01       1.829765062114e+02 
       6.679613252198e-01       1.810175783053e+02 
       6.712256260408e-01       1.790861666330e+02 
       6.744899269329e-01       1.771795508614e+02 
       6.777542278950e-01       1.752983117428e+02 
       6.810185289262e-01       1.734431239009e+02 
       6.842828300255e-01       1.716152225949e+02 
       6.875471311918e-01       1.698153409261e+02 
       6.908114324243e-01       1.680433461162e+02 
       6.940757337220e-01       1.662979591547e+02 
       6.973400350839e-01       1.645780321857e+02 
       7.006043365092e-01       1.628823341785e+02 
       7.038686379970e-01       1.612105552467e+02 
       7.071329395465e-01       1.595629872035e+02 
       7.103972411567e-01       1.579401702223e+02 
       7.136615428269e-01       1.563422644814e+02 
       7.169258445561e-01       1.547685802044e+02 
       7.201901463437e-01       1.532178336684e+02 
       7.234544481888e-01       1.516883618678e+02 
       7.267187500907e-01       1.501788939511e+02 
       7.299830520485e-01       1.486889641844e+02 
       7.332473540616e-01       1.472187713082e+02 
       7.365116561291e-01       1.457688928957e+02 
       7.397759582505e-01       1.443400022375e+02 
       7.430402604249e-01       1.429308033794e+02 
       7.463045626516e-01       1.415408710341e+02 
       7.495688649301e-01       1.401688989534e+02 
       7.528331672595e-01       1.388143562396e+02 
       8.190356558425e-01       1.148882721941e+02 
       9.127882573649e-01       8.985799936457e+01 
       1.059129399967e+00       6.386989381709e+01 
